params:
  COMPASS_AUTODEC: 1
  COMPASS_AUTO_ROT: 2
  COMPASS_CAL_FIT: 8
  COMPASS_DEC: 0
  COMPASS_DEV_ID: 855305
  COMPASS_DEV_ID2: 0
  COMPASS_DEV_ID3: 0
  COMPASS_DEV_ID4: 0
  COMPASS_DEV_ID5: 0
  COMPASS_DEV_ID6: 0
  COMPASS_DEV_ID7: 0
  COMPASS_DEV_ID8: 0
  COMPASS_DIA2_X: 1.0904518365859985
  COMPASS_DIA2_Y: 1.05697762966156
  COMPASS_DIA2_Z: 0.9658005833625793
  COMPASS_DIA3_X: 1
  COMPASS_DIA3_Y: 1
  COMPASS_DIA3_Z: 1
  COMPASS_DIA_X: 1.002729058265686
  COMPASS_DIA_Y: 0.9778432846069336
  COMPASS_DIA_Z: 1.0053839683532715
  COMPASS_DISBLMSK: 0
  COMPASS_ENABLE: 1
  COMPASS_EXTERN2: 1
  COMPASS_EXTERN3: 0
  COMPASS_EXTERNAL: 1
  COMPASS_FLTR_RNG: 0
  COMPASS_LEARN: 0
  COMPASS_MOT2_X: 0
  COMPASS_MOT2_Y: 0
  COMPASS_MOT2_Z: 0
  COMPASS_MOT3_X: 0
  COMPASS_MOT3_Y: 0
  COMPASS_MOT3_Z: 0
  COMPASS_MOTCT: 0
  COMPASS_MOT_X: 0
  COMPASS_MOT_Y: 0
  COMPASS_MOT_Z: 0
  COMPASS_ODI2_X: -0.009009188041090965
  COMPASS_ODI2_Y: -0.013196936808526516
  COMPASS_ODI2_Z: -0.06335921585559845
  COMPASS_ODI3_X: 0
  COMPASS_ODI3_Y: 0
  COMPASS_ODI3_Z: 0
  COMPASS_ODI_X: -0.016620300710201263
  COMPASS_ODI_Y: -0.010115600191056728
  COMPASS_ODI_Z: 0.003787500085309148
  COMPASS_OFFS_MAX: 1800
  COMPASS_OFS2_X: -50.78162384033203
  COMPASS_OFS2_Y: 4.27419900894165
  COMPASS_OFS2_Z: 136.21774291992188
  COMPASS_OFS3_X: 0
  COMPASS_OFS3_Y: 0
  COMPASS_OFS3_Z: 0
  COMPASS_OFS_X: -65.24472045898438
  COMPASS_OFS_Y: -316.0950012207031
  COMPASS_OFS_Z: -5.227859020233154
  COMPASS_OPTIONS: 0
  COMPASS_ORIENT: 6
  COMPASS_ORIENT2: 24
  COMPASS_ORIENT3: 0
  COMPASS_PMOT_EN: 0
  COMPASS_PRIO1_ID: 855305
  COMPASS_PRIO2_ID: 0
  COMPASS_PRIO3_ID: 0
  COMPASS_SCALE: 0
  COMPASS_SCALE2: 1.061624526977539
  COMPASS_SCALE3: 0
  COMPASS_USE: 1
  COMPASS_USE2: 0
  COMPASS_USE3: 0
