params:
  EK3_ABIAS_P_NSE: 0.019999999552965164
  EK3_ACC_BIAS_LIM: 1
  EK3_ACC_P_NSE: 0.3499999940395355
  EK3_AFFINITY: 0
  EK3_ALT_M_NSE: 3
  EK3_BCN_DELAY: 50
  EK3_BCN_I_GTE: 500
  EK3_BCN_M_NSE: 1
  EK3_BETA_MASK: 0
  EK3_CHECK_SCALE: 150
  EK3_DRAG_BCOEF_X: 0
  EK3_DRAG_BCOEF_Y: 0
  EK3_DRAG_MCOEF: 0
  EK3_DRAG_M_NSE: 0.5
  EK3_EAS_I_GATE: 400
  EK3_EAS_M_NSE: 1.399999976158142
  EK3_ENABLE: 1
  EK3_ERR_THRESH: 0.20000000298023224
  EK3_FLOW_DELAY: 10
  EK3_FLOW_I_GATE: 500
  EK3_FLOW_M_NSE: 0.15000000596046448
  EK3_FLOW_USE: 2
  EK3_GBIAS_P_NSE: 0.0010000000474974513
  EK3_GLITCH_RAD: 25
  EK3_GND_EFF_DZ: 4
  EK3_GPS_CHECK: 31
  EK3_GPS_VACC_MAX: 0
  EK3_GSF_RST_MAX: 2
  EK3_GSF_RUN_MASK: 3
  EK3_GSF_USE_MASK: 3
  EK3_GYRO_P_NSE: 0.014999999664723873
  EK3_HGT_DELAY: 60
  EK3_HGT_I_GATE: 500
  EK3_HRT_FILT: 2
  EK3_IMU_MASK: 3
  EK3_LOG_LEVEL: 0
  EK3_MAGB_P_NSE: 9.999999747378752e-05
  EK3_MAGE_P_NSE: 0.0010000000474974513
  EK3_MAG_CAL: 0
  EK3_MAG_EF_LIM: 50
  EK3_MAG_I_GATE: 300
  EK3_MAG_MASK: 0
  EK3_MAG_M_NSE: 0.05000000074505806
  EK3_NOAID_M_NSE: 10
  EK3_OGNM_TEST_SF: 2
  EK3_OGN_HGT_MASK: 0
  EK3_OPTIONS: 0
  EK3_POSNE_M_NSE: 0.5
  EK3_POS_I_GATE: 500
  EK3_PRIMARY: 0
  EK3_RNG_I_GATE: 500
  EK3_RNG_M_NSE: 0.5
  EK3_RNG_USE_HGT: -1
  EK3_RNG_USE_SPD: 2
  EK3_SRC1_POSXY: 3
  EK3_SRC1_POSZ: 1
  EK3_SRC1_VELXY: 3
  EK3_SRC1_VELZ: 3
  EK3_SRC1_YAW: 1
  EK3_SRC2_POSXY: 0
  EK3_SRC2_POSZ: 1
  EK3_SRC2_VELXY: 0
  EK3_SRC2_VELZ: 0
  EK3_SRC2_YAW: 1
  EK3_SRC3_POSXY: 0
  EK3_SRC3_POSZ: 1
  EK3_SRC3_VELXY: 0
  EK3_SRC3_VELZ: 0
  EK3_SRC3_YAW: 0
  EK3_SRC_OPTIONS: 1
  EK3_TAU_OUTPUT: 25
  EK3_TERR_GRAD: 0.10000000149011612
  EK3_VELD_M_NSE: 0.699999988079071
  EK3_VELNE_M_NSE: 0.5
  EK3_VEL_I_GATE: 500
  EK3_VIS_VERR_MAX: 0.8999999761581421
  EK3_VIS_VERR_MIN: 0.10000000149011612
  EK3_WENC_VERR: 0.10000000149011612
  EK3_WIND_PSCALE: 1
  EK3_WIND_P_NSE: 0.10000000149011612
  EK3_YAW_I_GATE: 300
  EK3_YAW_M_NSE: 0.5
