params:
  FFT_ENABLE: 0
  FILT1_TYPE: 0
  FILT2_TYPE: 0
  FILT3_TYPE: 0
  FILT4_TYPE: 0
  FILT5_TYPE: 0
  FILT6_TYPE: 0
  FILT7_TYPE: 0
  FILT8_TYPE: 0
  INS_ACC1_CALTEMP: 48.18840789794922
  INS_ACC2OFFS_X: -0.15311220288276672
  INS_ACC2OFFS_Y: 0.1762448400259018
  INS_ACC2OFFS_Z: -0.08065223693847656
  INS_ACC2SCAL_X: 1
  INS_ACC2SCAL_Y: 1
  INS_ACC2SCAL_Z: 1
  INS_ACC2_CALTEMP: 47.70531463623047
  INS_ACC2_ID: 3408162
  INS_ACC3OFFS_X: 0
  INS_ACC3OFFS_Y: 0
  INS_ACC3OFFS_Z: 0
  INS_ACC3SCAL_X: 0
  INS_ACC3SCAL_Y: 0
  INS_ACC3SCAL_Z: 0
  INS_ACC3_CALTEMP: -300
  INS_ACC3_ID: 0
  INS_ACCEL_FILTER: 21
  INS_ACCOFFS_X: -0.14757470786571503
  INS_ACCOFFS_Y: 0.2046387493610382
  INS_ACCOFFS_Z: 0.025514602661132812
  INS_ACCSCAL_X: 1
  INS_ACCSCAL_Y: 1
  INS_ACCSCAL_Z: 1
  INS_ACC_BODYFIX: 2
  INS_ACC_ID: 3408138
  INS_ENABLE_MASK: 127
  INS_FAST_SAMPLE: 1
  INS_GYR1_CALTEMP: 21.376811981201172
  INS_GYR2OFFS_X: -0.0010313551174476743
  INS_GYR2OFFS_Y: 0.0029650270007550716
  INS_GYR2OFFS_Z: -0.003136466257274151
  INS_GYR2_CALTEMP: 21.85990333557129
  INS_GYR2_ID: 3408162
  INS_GYR3OFFS_X: 0
  INS_GYR3OFFS_Y: 0
  INS_GYR3OFFS_Z: 0
  INS_GYR3_CALTEMP: -300
  INS_GYR3_ID: 0
  INS_GYROFFS_X: 9.987944213207811e-05
  INS_GYROFFS_Y: 0.001089958706870675
  INS_GYROFFS_Z: 0.004550394136458635
  INS_GYRO_FILTER: 42
  INS_GYRO_RATE: 1
  INS_GYR_CAL: 1
  INS_GYR_ID: 3408138
  INS_HNTC2_ENABLE: 0
  INS_HNTCH_ENABLE: 0
  INS_LOG_BAT_CNT: 1024
  INS_LOG_BAT_LGCT: 32
  INS_LOG_BAT_LGIN: 20
  INS_LOG_BAT_MASK: 0
  INS_LOG_BAT_OPT: 4
  INS_POS1_X: 0
  INS_POS1_Y: 0
  INS_POS1_Z: 0
  INS_POS2_X: 0
  INS_POS2_Y: 0
  INS_POS2_Z: 0
  INS_POS3_X: 0
  INS_POS3_Y: 0
  INS_POS3_Z: 0
  INS_RAW_LOG_OPT: 0
  INS_STILL_THRESH: 0.10000000149011612
  INS_TCAL1_ENABLE: 0
  INS_TCAL2_ENABLE: 0
  INS_TCAL3_ENABLE: 0
  INS_TCAL_OPTIONS: 0
  INS_TRIM_OPTION: 1
  INS_USE: 1
  INS_USE2: 1
  INS_USE3: 1
