params:
  AHRS_COMP_BETA: 0.10000000149011612
  AHRS_EKF_TYPE: 3
  AHRS_GPS_GAIN: 1
  AHRS_GPS_MINSATS: 6
  AHRS_GPS_USE: 1
  AHRS_OPTIONS: 3
  AHRS_ORIENTATION: 0
  AHRS_RP_P: 0.20000000298023224
  AHRS_TRIM_X: 0
  AHRS_TRIM_Y: 0
  AHRS_TRIM_Z: 0
  AHRS_WIND_MAX: 0
  AHRS_YAW_P: 0.20000000298023224
